01001111010101110110101010100100
01001111011010001100011110110111
01001110000100001000000111000011
01001111010000011011110111001111
01001111011101010111110000010000
01001110100011110000111110001100
01001111001010000011000001000110
01001111011111010100011010010101
01001110110100110000000100110010
01001111000010110100010011111000
01001111011111111111111101011100
01001111000010010101110011011000
01001110110101110010000000100010
01001111011111011001100001110010
01001111001001100111100101000100
01001110100100110110100000010000
01001111011101100001111000100101
01001111010000000100000010110011
01001110000110010111100101101001
01001111011010011011011011001000
01001111010101100010111100010000
01001100000100010000010100010101
01001111010110001010000111100111
01001111011001111101001111111100
01001110000001111000011100111000
01001111010000110011011100001000
01001111011101001101010100001110
01001110100010101011010000101010
01001111001010011110001111101001
01001111011111001110111110100100
01001110110011101101111000000110
01001111000011010010101001001101
01001111011111111111101000111001
01001111000001110111000111110111
01001110110110110011101011000010
01001111011111011110010100111000
01001111001001001011111011101010
01001110100101111011110110011111
01001111011101101011101101001011
01001111001111101011111110111100
01001110001000100110110111111011
01001111011010101010000100101000
01001111010101001110111100110001
01001100100100010000001110100001
01001111010110011101010011010000
01001111011001101101101110011010
01001101111111010001001111101000
01001111010001001010110001010110
01001111011101000010100100100010
01001110100001100101010111111111
01001111001010111001010000100100
01001111011111001001001110100000
01001110110010101011011010110100
01001111000011110000110011001101
01001111011111111110111111110100
01001111000001011000010001011110
01001110110111110101000011111101
01001111011111100010110011100111
01001111001000110000000101000011
01001110100111000001000000100011
01001111011101110101001101111111
01001111001111010011101011110010
01001110001010110101111101001011
01001111011010111000011011010100